      1.00405891       1.00997729       1.00067254 
      1.01074151       1.00514364       1.00242097 
      0.99497200       1.03934205       1.00215690 
      1.01217411       1.01840973       1.00058431 
      1.00453875       1.00023639       1.00147619 
      0.99875748       1.03260818       1.00091219 
      1.00339290       0.98598081       0.99941190 
      1.00529757       0.95063198       0.99823991 
      1.00213028       1.01293237       1.00083078 
      1.00190199       1.01942566       1.00374012 
      1.00055835       1.02227361       0.99677387 
      1.00100446       0.93267956       1.00325728 
      0.99821608       1.01316893       1.00356620 
      1.01485536       0.99126874       1.00690612 
      1.00715386       0.97509064       0.99234676 
      0.99060212       1.03467060       1.00408552 
      1.00209597       1.01992512       0.99924612 
      1.00055042       0.97671093       0.99874999 
      0.99669931       1.02842581       1.00008632 
      1.00033116       0.94089854       1.00051947 
      1.00518649       0.99164335       0.99834377 
      1.00285432       1.04552333       0.99902128 
      0.99605911       1.04865265       1.00206677 
      1.00494560       1.06351361       1.00097855 
      1.00218723       1.03476172       0.99918477 
      1.00829332       1.03004165       1.00114833 
      1.00584416       1.01071743       1.00658456 
      1.00333549       1.02414136       1.00006758 
      1.00085791       0.97040201       1.00085389 
      0.99442837       1.02702280       0.99824691 
      1.00204719       1.02583033       1.00011377 
      1.00505376       0.98025722       1.00072270 
      1.00513534       1.02661552       1.00134838 
      1.00713145       1.04595874       1.00141455 
      1.00380469       0.99988557       1.00108163 
      1.00136871       0.96254688       1.00117001 
      1.00052571       1.01693223       0.99994246 
      1.00735603       0.99297269       1.00063797 
      1.00073023       0.93345251       0.99816266 
      1.00521213       0.91497291       1.00185014 
      0.99668153       0.91781893       1.00246581 
      1.00478618       1.06742554       1.00392939 
      1.00310655       1.02059118       1.00004344 
      1.00619387       0.94226481       0.99410266 
      0.99948702       1.00591913       1.00423131 
      1.00677479       1.11197039       1.00219563 
      1.00132545       1.01238060       1.00177329 
      1.00274921       1.04994565       1.00122018 
      0.99878148       0.97718542       1.00197918 
      1.00294835       1.03183088       0.99998724 
      1.00000000       1.04627635       1.00099505 
      1.00131779       1.01985411       1.00189853 
      1.00485928       0.97776424       0.99794698 
      1.00463429       0.99580960       1.00033499 
      1.00912555       1.05350790       1.00194622 
      0.99771440       0.98925784       1.00464715 
      0.99910359       1.02569658       0.99931859 
      1.00458578       0.99412482       1.00190660 
      1.01041977       1.02333983       1.00351023 
      1.00127676       1.02238408       0.99952360 
      1.00774890       1.01718617       1.00215918 
      1.00671598       1.01710112       1.00256525 
      1.00096684       1.00441809       1.00303194 
      1.00946586       1.01451303       1.00020170 
      1.00545402       1.01656239       1.00336522 
      1.00504378       1.01796006       1.00120561 
      1.00710160       0.98948209       1.00373382 
      0.99840165       1.02714676       0.99951561 
      1.00668613       1.01062400       1.00401784 
      0.99214219       0.99764402       0.99807095 
      1.01235150       1.00087433       1.00015645 
      0.99990686       1.03661100       1.00163371 
      1.00726528       1.00722270       1.00310519 
      0.99639356       0.98897061       1.00325181 
      1.01039443       1.03156277       1.00061710 
      1.00303114       0.99091607       0.99833457 
      0.99890110       0.94708087       1.00082126 
      1.01054272       1.01613733       1.00214664 
      1.00263086       1.03062182       1.00381506 
      1.00579081       1.02977797       1.00074898 
      1.01808204       1.02694812       1.00136368 
      0.99893965       0.99751220       0.99935556 
      1.00406900       1.00947298       1.00048538 
      1.00229055       1.00673158       1.00049213 
      1.00184583       0.98413041       0.99776237 
      1.00315845       0.97518331       1.00024305 
      1.00673430       1.02092554       1.00070344 
      0.99913127       0.94855330       1.00374961 
      1.00452135       0.98555450       1.00039058 
      1.00675149       0.98613676       1.00172852 
      0.99484137       0.92062540       0.99892350 
      1.00406188       0.99038482       1.00102920 
      0.99870890       1.04297067       1.00178753 
      1.00318883       1.01331003       1.00066683 
      1.00558419       1.00596066       1.00553702 
      1.00222127       1.07952871       1.00081761 
      1.00562612       1.01177186       1.00540524 
      0.99940663       1.03822076       0.99929218 
      1.00398643       1.04097108       1.00229774 
      1.00388612       0.95959716       1.00441332 
      1.00336615       1.01892636       0.99811511 
      0.99932903       1.04661749       1.00154951 
      1.00318926       0.98801649       0.99708668 
      1.00543797       1.03104667       1.00108993 
      0.99484107       0.97072572       1.00263729 
      1.00744396       1.00578241       1.00164528 
      1.00697385       1.02610285       0.99858277 
      1.00338033       0.95665020       0.99939442 
      1.00180772       0.96446310       0.99948222 
      1.00951444       1.00115895       0.99817279 
      1.00040624       1.08658483       1.00143937 
      1.00178673       1.01814064       0.99933410 
      1.01167410       1.00931457       1.00176530 
      1.00440740       0.97459784       1.00092774 
      1.00335089       1.01356689       1.00127210 
      0.99737595       1.03774097       1.00036825 
      1.00175397       1.00554416       0.99945309 
      1.00795862       1.05314417       1.00021635 
      0.99676273       0.96110848       1.00225657 
      1.00491128       0.98834115       1.00076829 
      1.00654265       0.94749088       1.00222572 
      1.00000000       1.02764578       1.00121327 
      1.00078315       1.01433997       0.99850717 
      1.00884263       0.99976506       1.00155620 
      0.99550109       0.93250698       0.99961337 
      1.00311672       0.93349468       1.00156159 
      1.00621407       1.04619235       1.00113262 
      0.99899645       0.97445730       1.00288084 
      1.00927285       1.05202082       1.00310903 
      0.99946405       0.96302698       0.99947790 
      0.99923395       0.97694640       1.00092438 
      1.01080957       0.92164244       1.00385627 
      0.99939325       1.05225685       0.99924666 
      1.00022767       0.99606107       1.00444657 
      0.99833080       0.89458602       0.99875299 
      1.00569995       0.93502112       1.00160772 
      1.00377843       0.94748861       1.00376173 
      1.00105398       1.07070033       1.00157474 
      1.00270738       1.04591487       1.00174246 
      1.00675017       1.03855440       1.00139099 
      0.99672204       0.97810747       0.99830004 
      1.00074744       1.04839960       1.00053107 
      1.00851445       1.05776448       1.00046904 
      0.99903725       1.04789332       1.00216115 
      1.00289103       1.01170692       1.00031412 
      0.99682164       1.04069615       0.99979060 
      1.00585793       1.02953475       0.99846729 
      1.00029488       0.95909338       0.99845380 
      1.00243201       0.99792493       0.99735954 
      0.99794148       0.95624225       1.00077072 
      1.00221011       1.03636496       0.99899457 
      1.00330785       0.99216257       1.00147613 
      1.00007327       0.95646738       0.99959948 
      1.00512821       0.99723211       1.00075966 
      1.00670554       1.08519127       0.99878448 
      0.99833478       1.02219614       1.00120916 
      1.00536660       1.02673358       0.99878788 
      1.01363341       1.00713641       1.00063798 
      1.00277541       1.00462459       1.00122720 
      1.00184515       1.01350893       0.99935377 
      1.00198342       0.97549894       1.00022291 
      1.00657476       0.99474048       0.99974257 
      1.00400337       1.03469559       0.99977337 
      1.00181882       0.98756815       0.99743903 
      1.01228964       1.00777510       1.00138662 
      1.00400083       1.04722027       1.00156977 
      1.00384748       1.00878466       1.00149207 
      1.00102662       0.96756251       0.99713289 
      1.00287160       0.95326979       0.99722142 
      0.99747750       0.98602681       0.99579885 
      0.99883808       0.94618899       0.99726816 
      1.00307924       0.97733354       1.00098893 
      1.00211474       0.98264986       0.99619518 
      1.00687543       1.04812898       1.00257353 
      0.98925022       0.95871941       0.99547807 
      1.01216512       1.04889333       1.00327173 
      0.99594868       0.99001428       0.99778823 
      1.00277966       0.87525212       0.99586259 
      0.99019674       1.00146604       0.99276536 
      0.99890755       0.98758333       0.99434229 
      0.99685578       0.99066141       0.99327740 
      0.99856007       0.96446420       0.99378943 
      1.00583671       0.95211677       1.00258101 
      1.00122884       0.95607511       0.99796542 
      1.00272740       0.97583251       1.00060026 
      1.00339997       0.92255049       1.00197972 
      1.00020331       0.90456313       0.99492559 
      0.99850938       0.88201856       0.99937683 
      1.00515709       1.16326432       1.00074665 
      0.99270911       0.95058083       0.99562919 
      1.00170010       0.97202033       1.00234625 
      1.00176511       1.12522123       0.99746575 
      1.00616698       1.05616967       1.00036298 
      1.00397387       1.02717297       1.00230439 
      1.00362270       1.04619705       1.00375821 
      1.01169786       1.04488447       0.99474586 
      0.99940535       1.04366788       0.99662329 
      0.99874388       0.92719456       0.99495707 
      1.00238300       0.97452189       0.99973707 
      0.99828304       0.95916260       1.00028478 
      1.00304293       1.05534532       1.00033159 
      1.00211040       1.02244942       0.99550113 
      1.00710760       0.98581927       1.00078348 
      1.01274260       1.12335667       1.00299945 
      0.99516067       0.99815428       1.00055152 
      1.00590028       1.02817565       1.00252288 
      1.00431868       0.98570261       1.00085810 
      0.99749695       0.98598235       0.99870012 
      1.00830009       1.04267092       0.99972549 
      1.00268011       0.98824101       1.00016850 
      1.00381849       0.99440116       0.99804266 
      1.00399417       1.02094933       0.99968982 
      1.00366254       0.97349377       0.99874886 
      1.00717252       1.00209641       1.00090505 
      1.00768366       1.05183180       0.99815636 
      1.00520736       0.95721873       1.00037798 
      0.99895159       0.97254003       0.99261056 
      0.99382640       0.98205574       0.99651052 
      1.00267114       0.99702342       0.99693701 
      1.00390310       0.98192144       0.99792763 
      0.99808689       1.04445288       0.99754382 
      1.00964571       0.97996712       0.99957499 
      0.99736665       0.98020168       0.99871603 
      1.00337713       0.99720560       1.00106600 
      1.00924056       0.95566252       0.99980643 
      1.00230415       1.03389388       0.99685457 
      1.00254083       1.00287765       1.00221640 
      0.99831040       0.93748965       0.99945758 
      1.01178675       0.98335727       1.00010807 
      1.00531692       1.02496058       0.99860206 
      1.00172332       1.07343700       0.99608870 
      1.00154239       1.01088093       0.99710913 
      1.00165847       0.97835287       0.99675787 
      0.99869907       1.05057367       0.99951600 
      1.00627627       1.03245547       1.00044867 
      1.00611945       0.98850263       1.00130115 
      1.00146207       0.89112113       0.99932735 
      0.99982481       1.02438728       0.99988268 
      1.00642486       1.01068969       1.00201202 
      1.00017410       1.03882921       0.99965987 
      1.00574446       0.96540892       1.00148406 
      0.99757688       1.05216598       0.99878927 
      1.00028917       0.99835927       0.99954231 
      1.00098289       0.97499337       0.99778742 
      1.00080864       1.03402757       0.99783504 
      0.99769146       1.00599316       0.99839171 
      1.00503268       1.05388327       0.99902503 
      1.00431680       0.98989390       0.99846155 
      1.00206316       0.92273790       1.00004920 
      1.00514727       1.05342139       1.00303191 
      1.00011380       1.01353991       1.00037808 
      1.00182056       1.05016559       0.99676855 
      0.99483219       0.98847613       1.00067337 
      1.00000000       0.88234945       1.00062222 
      0.99337824       1.04090991       1.00489450 
      0.99747155       1.04914715       0.99929609 
      1.00852633       1.02803480       1.00082939 
      1.00108534       1.05951609       0.99687341 
      1.00148359       1.01019509       0.99669635 
      0.99880349       1.01935197       0.99805523 
      1.00627496       1.01184757       1.00176644 
      0.99977324       1.09823464       1.00097027 
      1.00561352       0.96061335       1.00670815 
      0.99774457       0.94676657       1.00026930 
      0.99384007       1.00770630       1.00024326 
      1.00324121       1.03417711       1.00350896 
      1.00209715       0.97926283       1.00635842 
      1.00067873       1.00380347       1.00703401 
      1.00881754       0.98760519       1.00894640 
      0.99512550       0.99346418       1.00506655 
      0.99938067       0.93705317       1.00542220 
      1.00101408       0.93785801       1.00545216 
      0.99921207       1.05319432       1.00800771 
      1.00050693       1.03967099       1.00485085 
      1.00596746       0.96904520       1.00553703 
      0.99238905       0.97068241       1.00045922 
      1.00919190       0.94899448       1.00733210 
      0.99877068       0.99085188       1.00896281 
      1.00369251       1.04146543       1.01088378 
      0.99871795       0.96434702       1.00377240 
      0.99899537       0.97259473       1.00183897 
      1.00195542       0.97271107       1.00410593 
      1.00568752       1.12260169       1.00526047 
      0.99977822       1.00868362       1.00119991 
      1.00726486       1.10901505       0.99987394 
      0.99977977       1.04267221       1.00205020 
      1.00115645       1.01443803       1.00502903 
      1.00264026       1.03289487       1.00283369 
      1.00307220       1.02923516       1.00707069 
      1.00705535       1.03126710       1.00448323 
      1.00146636       1.06429207       0.99937450 
      1.00683297       0.99934148       1.00229489 
      1.00430895       1.03725116       1.00475675 
      1.00429046       0.96707831       1.00438732 
      1.00197586       1.00864103       1.00381332 
      0.99904067       1.01397951       1.00353193 
      1.00624166       0.97847122       1.00409039 
      1.00254480       1.02245015       1.00391084 
      1.00312004       0.98955681       1.00500096 
      1.00521904       0.98540388       1.00177082 
      0.99056010       0.95986435       1.00373360 
      1.00746506       1.01292282       1.00355854 
      1.00698933       1.00279150       1.00566543 
      1.00401837       0.94676021       1.00576145 
      1.00457404       1.02096628       1.00528437 
      0.99591245       0.98051507       1.00425517 
      1.00280549       1.10569279       1.00309209 
      1.00725313       1.00060256       1.00713011 
      0.99557659       0.99921216       1.00581998 
      1.00924778       0.98933480       1.00602102 
      1.00071666       1.02294630       1.00425472 
      1.00598496       1.07674090       1.00361613 
      1.00615275       1.01325493       1.00280494 
      0.99550210       0.99339117       1.00035977 
      1.00685349       0.99391574       1.00375434 
      1.00453789       1.05432411       1.00245249 
      1.00165638       1.01362562       1.00202734 
      1.00305672       0.99407487       1.00397649 
      1.00489584       0.99248255       1.00263653 
      1.00149142       0.95941689       1.00206430 
      1.00258129       1.04029991       1.00279599 
      1.00118830       1.06407015       1.00151257 
      1.01018743       1.04211487       1.00315782 
      0.99520243       1.00251469       1.00234025 
      1.00821487       1.07906688       1.00990428 
      1.00863583       1.05706890       1.00827460 
      0.99613022       0.98796215       1.00538216 
      1.00228233       1.04719990       1.00142718 
      1.00334302       1.01224646       1.00232833 
      1.00366990       0.94377648       1.00306531 
      0.99615107       1.06912580       1.00131525 
      0.99826129       0.89911631       0.98106370 
      1.00295128       1.07032825       1.02143943 
      1.00328027       1.01639940       1.00277475 
      1.00557746       0.97165609       1.00376461 

